4177
1.0,0.983319031955963,0.8882059927789543,0.9726328911865669,0.9568302700827064,0.9526576851522904,0.9479264358373914,0.6043853354046326
0.983319031955963,1.0,0.8957053460151235,0.9713244373430217,0.9504722044637816,0.9483905955760957,0.9541487575045344,0.6228950050921537
0.8882059927789543,0.8957053460151235,1.0,0.9159847752220538,0.8741960320600461,0.9005869165122178,0.921224269604936,0.6577163709860909
0.9726328911865669,0.9713244373430217,0.9159847752220538,1.0,0.9770596180083043,0.9752516747497281,0.9694259485029916,0.6308319554663986
0.9568302700827064,0.9504722044637816,0.8741960320600461,0.9770596180083043,1.0,0.9476354363625716,0.9177304995830815,0.5394199820834579
0.9526576851522904,0.9483905955760957,0.9005869165122178,0.9752516747497281,0.9476354363625716,1.0,0.9381434167506302,0.6143438123140513
0.9479264358373914,0.9541487575045344,0.921224269604936,0.9694259485029916,0.9177304995830815,0.9381434167506302,1.0,0.6924745607793564
0.6043853354046326,0.6228950050921537,0.6577163709860909,0.6308319554663986,0.5394199820834579,0.6143438123140513,0.6924745607793564,1.0
